  0    81.8045996749  220.3761573507    3.2387409001    0.0385831902    0.3528395568    0.0222766406    0.1057329447   -0.1925575032   -0.0742020863    0.1196058969   -0.0790183807 
  1     4.8286640151   -2.9916916832   -0.0366774913    0.0335273484    0.0165480367    0.0051977912    0.0063512683    0.0074336932   -0.0005299296    0.0015964336    0.0017638699 
  2     0.0064149762    0.0118356209    0.0000642742   -0.0000271112   -0.0000246868   -0.0000039957    0.0000072969   -0.0000021448   -0.0000010183    0.0000032672   -0.0000021778 
  3    -0.0104830174   -0.0088731725    0.0000016629    0.0000123371    0.0000132279   -0.0000071526   -0.0000136839    0.0000065406    0.0000008190   -0.0000075314    0.0000029455 
  4    -0.0063552440    0.0231325321    0.0002789890   -0.0001353232   -0.0000825180   -0.0000603748   -0.0000369591   -0.0000048962   -0.0000089566   -0.0000128492    0.0000008458 
  5     0.0274194573   -0.0082473444   -0.0002242537    0.0001221320    0.0000405855    0.0000312237    0.0000296438   -0.0000169437    0.0000035641    0.0000214528   -0.0000133695 
  6    -0.0768447113   -0.0493726287   -0.0000173655   -0.0000558963    0.0000665625    0.0000625035    0.0000057506    0.0000053382    0.0000023130   -0.0000105875    0.0000189156 
  7     0.1297776553    0.0396262892   -0.0003982903    0.0003211349    0.0000355326   -0.0000343496    0.0000288082   -0.0000039739    0.0000110054    0.0000260593   -0.0000334607 
  8    -0.0751735279   -0.0033183004    0.0003363210   -0.0002946248   -0.0000606907   -0.0000110499   -0.0000602575    0.0000225205   -0.0000063626   -0.0000300576    0.0000268448 
  9    -0.0796159253   -0.0348431733    0.0000461539   -0.0002105061    0.0000088498    0.0000307906   -0.0000588814   -0.0000071786    0.0000030009   -0.0000207303    0.0000162065 
 10     0.0595090097    0.0238467299   -0.0000511938    0.0001962531   -0.0000214700   -0.0000167198    0.0000643889   -0.0000132785   -0.0000045930    0.0000236797   -0.0000176215 
 11    -0.7318097721    3.3081890840    0.0203221844   -0.0174274489   -0.0121617562   -0.0057324601   -0.0064232466   -0.0044954091    0.0019596763    0.0020022405   -0.0025969866 
 12     0.0044574701   -0.0032490144   -0.0000444831    0.0000293249    0.0000175791    0.0000070159    0.0000085257    0.0000024427    0.0000019610    0.0000015474    0.0000002565 
 13     0.0046792295   -0.0253895754   -0.0002707490    0.0001258360    0.0000923124    0.0000495298    0.0000219916    0.0000063722    0.0000086990    0.0000082028    0.0000036649 
 14    -0.0156137130    0.0141212451    0.0001877802   -0.0001057273   -0.0000531340   -0.0000189355   -0.0000145171    0.0000090603   -0.0000008399   -0.0000073635    0.0000048856 
 15     0.0455312553    0.0200890219   -0.0000780029    0.0000275347   -0.0000199487   -0.0000196818    0.0000072466   -0.0000183643   -0.0000081433    0.0000044603   -0.0000114464 
 16    -0.1032936165   -0.0014546835    0.0005206866   -0.0003301235   -0.0001116405   -0.0000161485   -0.0000506295    0.0000252554   -0.0000060051   -0.0000265499    0.0000227708 
 17     0.0564124181   -0.0063125213   -0.0003060473    0.0002454832    0.0000671943    0.0000118948    0.0000425468   -0.0000280968    0.0000010567    0.0000211589   -0.0000182786 
 18     0.0560808210    0.0196945337   -0.0000788406    0.0001285245    0.0000022846    0.0000003327    0.0000427851   -0.0000146005   -0.0000052322    0.0000187480   -0.0000112559 
 19    -0.0387171225   -0.0133263484    0.0000561064   -0.0001098563    0.0000110875   -0.0000004814   -0.0000352072    0.0000217952    0.0000044517   -0.0000181662    0.0000120108 
 20    -1.6784901573   -0.2890435213    0.0012595499   -0.0224448838   -0.0073427960    0.0040526072   -0.0075161941   -0.0085580883   -0.0010906625   -0.0008252141   -0.0037154603 
 21     0.0149251922    0.0105777150   -0.0000022252    0.0000130105    0.0000046263   -0.0000163954   -0.0000153111    0.0000225569    0.0000080404   -0.0000068173    0.0000042747 
 22    -0.0010727331    0.0047495783    0.0000785754   -0.0001029198    0.0000044462   -0.0000088144    0.0000011767    0.0000189614    0.0000071641   -0.0000098927    0.0000021231 
 23    -0.0166320549   -0.0077077317   -0.0000932065    0.0000095628   -0.0000609862    0.0000405300   -0.0000029021   -0.0000621191   -0.0000179453    0.0000275621   -0.0000186281 
 24    -0.0371041537   -0.0566899952   -0.0002439705    0.0002295316    0.0001408301    0.0001354492    0.0001396467   -0.0000197509   -0.0000079731    0.0000351013    0.0000150140 
 25    -0.0082016293    0.0333465991    0.0002935280   -0.0001566626   -0.0001575948   -0.0000893399   -0.0000786369   -0.0000208017   -0.0000148343   -0.0000166656   -0.0000113555 
 26     0.0425188310    0.0312310285    0.0000886588   -0.0000595758    0.0000109992   -0.0000756242   -0.0000322813    0.0000729301    0.0000253492   -0.0000272906    0.0000086726 
 27    -0.0044777562   -0.0236991634   -0.0001248977    0.0001231475    0.0000625986    0.0000340212    0.0000430187   -0.0000105329   -0.0000036339    0.0000036306   -0.0000015505 
 28    -5.5649592817   -2.7077894434   -0.0063445870    0.0060577466    0.0059842354   -0.0000851236   -0.0014712527    0.0050327446   -0.0007085066   -0.0058736975    0.0058237620 
 29    -0.0054144758   -0.0054461277   -0.0000198508    0.0000281982   -0.0000015504    0.0000047791   -0.0000013966   -0.0000148667   -0.0000069199    0.0000036511   -0.0000014504 
 30     0.0084069575    0.0145000116    0.0001361845    0.0000460076   -0.0000335890   -0.0000267751    0.0000079291   -0.0000096111   -0.0000116203    0.0000008521    0.0000029797 
 31     0.0303806187    0.0204644536   -0.0000511605   -0.0000789200   -0.0000580370   -0.0000184457   -0.0000254296   -0.0000277452   -0.0000007906    0.0000117086   -0.0000184252 
 32    -0.0019727189   -0.0243731581   -0.0001424944    0.0000571954    0.0001153060    0.0000212537    0.0000072925    0.0000443934    0.0000170438   -0.0000158260    0.0000140743 
 33    -0.0194566633   -0.0157150951   -0.0000058043    0.0000797475    0.0000154365    0.0000020490    0.0000074076    0.0000129242    0.0000034219   -0.0000047857    0.0000010145 
 34     0.0015687047    0.0139167384    0.0000598897   -0.0000860423   -0.0000451201    0.0000084343   -0.0000051207   -0.0000219995   -0.0000060858    0.0000110680   -0.0000024964 
 35     2.0520738037    2.0872286840    0.0128077130    0.0095372375   -0.0040863905   -0.0017377614    0.0050604132    0.0008205604    0.0005706646    0.0006810187   -0.0005898069 
 36     0.0156577557    0.0069820620    0.0000326320    0.0000331228    0.0000294067   -0.0000366936    0.0000154982    0.0000524336    0.0000163622   -0.0000152564    0.0000028533 
 37     0.0063681754   -0.0138090636    0.0000040179    0.0000201483    0.0000676281   -0.0000772836   -0.0000914392    0.0000367495    0.0000140545   -0.0000489636    0.0000195838 
 38     0.0140420568    0.0140091987   -0.0000716409   -0.0000632634    0.0000001412    0.0000782512    0.0000436614   -0.0000045242    0.0000118924    0.0000378687   -0.0000079712 
 39     0.0194375767    0.0291921646   -0.0000433870   -0.0000640129   -0.0001095088    0.0000332670    0.0000500793   -0.0000753721   -0.0000397758    0.0000452348   -0.0000227772 
 40    -0.0258278268   -0.0225085180    0.0000500187    0.0000114101    0.0000450389   -0.0000073832   -0.0000581681    0.0000158080    0.0000149985   -0.0000175408    0.0000116253 
 41     7.2865015390    5.5923418983    0.0037400819    0.0133125263   -0.0132532778   -0.0007819631    0.0098058318   -0.0015667960    0.0020458997    0.0033304561    0.0015404234 
 42    -0.0407388953    0.0537487786    0.0004986415   -0.0005229157   -0.0002336977   -0.0000249749   -0.0000531520   -0.0000331073   -0.0000224937    0.0000086647   -0.0000136678 
 43     0.0562772689   -0.1045573742   -0.0008636946    0.0008645326    0.0004229375    0.0000604855    0.0001018732    0.0000458762    0.0000288031   -0.0000146872    0.0000172223 
 44    -0.0292822370   -0.0337781768   -0.0000070846    0.0001880000    0.0000570738   -0.0000027841   -0.0000417131    0.0000080906    0.0000104907   -0.0000196395    0.0000111262 
 45     0.0110481002    0.0336637164    0.0000465490   -0.0002193992   -0.0000850252   -0.0000026008    0.0000209669    0.0000004684   -0.0000064887    0.0000148341   -0.0000086746 
 46    -6.6297479113   -5.2272924471   -0.0091189326   -0.0210140890    0.0101090660   -0.0008376652   -0.0037825727    0.0018289617   -0.0021192046   -0.0008153355   -0.0020731614 
 47    -0.0166279259    0.0491445213    0.0003762605   -0.0002728748   -0.0002000683   -0.0000278468   -0.0000135599   -0.0000278072   -0.0000169339    0.0000134790   -0.0000089242 
 48    -0.0212044386   -0.0026459611    0.0000691371   -0.0001765749    0.0000058422    0.0000170719   -0.0000061735    0.0000054781    0.0000009500   -0.0000087623    0.0000084807 
 49     0.0225002844   -0.0005657776   -0.0000702124    0.0001379845    0.0000127691   -0.0000258830   -0.0000086744   -0.0000030955    0.0000000412   -0.0000015991   -0.0000059527 
 50     1.3631139892    4.4233381514    0.0176653235   -0.0166194296   -0.0180209667   -0.0069681715   -0.0048949853   -0.0042549536   -0.0014266187    0.0021851935   -0.0025506406 
 51     0.0234396166   -0.0176101870   -0.0001829567    0.0001654243    0.0001039709    0.0000260544    0.0000641878    0.0000207094    0.0000053775    0.0000007929    0.0000009475 
 52    -0.0201017396    0.0228321339    0.0002182691   -0.0001472699   -0.0001273699   -0.0000401732   -0.0000745864   -0.0000290962   -0.0000081548    0.0000043731   -0.0000053127 
 53    -2.9368366624   -5.5180284186   -0.0175655231    0.0126924717    0.0202900610    0.0060920128    0.0015442011    0.0052267480    0.0017116770   -0.0033715208    0.0030998856 
 54     0.0035886164   -0.0053035828   -0.0000573377    0.0000115948    0.0000351110    0.0000172836    0.0000203668    0.0000103413    0.0000034788   -0.0000034305    0.0000039501 
 55    -9.8889888714  566.0231704478    3.8416758524   -2.8612749911   -1.9308776354   -0.4569724003   -0.3995808600   -0.4232117709   -0.2020641215    0.1361892624   -0.1313967075 
 56  -236.3290560003 -172.6442146112   -2.1887718532    1.2081224896   -0.0274092650   -0.1654463557   -0.2387361304    0.4898949504    0.1770155231   -0.4047154244    0.1710065592 
 57  -2070.8275289408 -2371.3997824108   -5.1664296591    0.1456580684    6.4569009983    0.9961236027   -1.2417014763    1.2690802233    0.3325534881   -1.0423911384    0.7154934236 
