  0 -199.35802  320.60181    -60.01204  -22.19836  -22.19836  -15.78338  -15.78338  -11.00258  -11.00258   -5.36850   -5.36850    0.60104    0.60104    6.83276    6.83276   13.54176   13.54176   20.40424   20.40424   29.00614   29.00614   45.48376 
  1 -182.16125  145.55750    -30.19480   -7.04496   -7.04496   -4.60922   -4.60922   -2.87756   -2.87756   -1.49092   -1.49092   -0.20506   -0.20506    1.25172    1.25172    3.15748    3.15748    6.05210    6.05210   10.28600   10.28600   24.38654 
  2   -1.76337    1.15656     -1.40294   -0.96568   -0.96568   -0.66566   -0.66566   -0.24926   -0.24926    0.19294    0.19294    0.24864    0.24864    0.28968    0.28968    0.34658    0.34658    0.40812    0.40812    0.47638    0.47638    0.65992 
  3   -0.95563    1.32334     -0.40594   -0.12074   -0.12074   -0.06542   -0.06542   -0.04040   -0.04040   -0.02248   -0.02248   -0.00452   -0.00452    0.01480    0.01480    0.03384    0.03384    0.05490    0.05490    0.08490    0.08490    0.51144 
  4   -0.55545    0.41323     -0.17628   -0.02770   -0.02770   -0.01578   -0.01578   -0.00886   -0.00886   -0.00346   -0.00346    0.00146    0.00146    0.00620    0.00620    0.01114    0.01114    0.01650    0.01650    0.02282    0.02282    0.17140 
  5   -0.32075    0.38067     -0.08374   -0.01780   -0.01780   -0.01238   -0.01238   -0.00770   -0.00770   -0.00346   -0.00346    0.00026    0.00026    0.00384    0.00384    0.00794    0.00794    0.01378    0.01378    0.02476    0.02476    0.14406 
  6   -0.48772    0.87471     -0.19236   -0.01520   -0.01520   -0.00834   -0.00834   -0.00482   -0.00482   -0.00204   -0.00204    0.00056    0.00056    0.00332    0.00332    0.00668    0.00668    0.01142    0.01142    0.02162    0.02162    0.46860 
  7   -0.47112    0.42215     -0.06606   -0.00920   -0.00920   -0.00606   -0.00606   -0.00412   -0.00412   -0.00250   -0.00250   -0.00088   -0.00088    0.00094    0.00094    0.00332    0.00332    0.00692    0.00692    0.01330    0.01330    0.09990 
  8   -0.35452    0.40279     -0.09296   -0.00660   -0.00660   -0.00374   -0.00374   -0.00234   -0.00234   -0.00128   -0.00128   -0.00030   -0.00030    0.00070    0.00070    0.00186    0.00186    0.00330    0.00330    0.00562    0.00562    0.07870 
  9   -0.99769    0.31942     -0.09440   -0.00514   -0.00514   -0.00288   -0.00288   -0.00172   -0.00172   -0.00090   -0.00090   -0.00018   -0.00018    0.00056    0.00056    0.00138    0.00138    0.00248    0.00248    0.00476    0.00476    0.06016 
 10   -0.18611    0.44873     -0.03368   -0.00364   -0.00364   -0.00224   -0.00224   -0.00134   -0.00134   -0.00060   -0.00060    0.00002    0.00002    0.00066    0.00066    0.00138    0.00138    0.00220    0.00220    0.00344    0.00344    0.04300 
