  0 -199.35802  320.60181    -60.01204  -20.10602  -25.44974  -14.89048  -16.68458   -9.92800  -12.03834   -4.19040   -6.53400    1.81106   -0.60616    8.13812    5.53942   14.92226   12.16944   21.84184   19.02546   31.30742   26.91644   45.48376 
  1 -182.16125  145.55750    -30.19480   -6.46070   -7.71934   -4.22370   -5.01998   -2.57978   -3.18910   -1.23466   -1.75202    0.06374   -0.46730    1.58640    0.93408    3.63324    2.72188    6.79710    5.36124   11.31692    9.32818   24.38654 
  2   -1.76337    1.15656     -1.40294   -0.91786   -1.01010   -0.57554   -0.74092   -0.15122   -0.33494    0.21168    0.15846    0.25594    0.24124    0.30016    0.28008    0.35856    0.33470    0.42084    0.39556    0.49208    0.46154    0.65992 
  3   -0.95563    1.32334     -0.40594   -0.10498   -0.14020   -0.05930   -0.07258   -0.03650   -0.04456   -0.01902   -0.02590   -0.00066   -0.00828    0.01862    0.01098    0.03774    0.02998    0.05982    0.05030    0.09432    0.07736    0.51144 
  4   -0.55545    0.41323     -0.17628   -0.02450   -0.03170   -0.01418   -0.01756   -0.00774   -0.01008   -0.00244   -0.00446    0.00238    0.00046    0.00716    0.00520    0.01216    0.01008    0.01766    0.01542    0.02450    0.02138    0.17140 
  5   -0.32075    0.38067     -0.08374   -0.01658   -0.01916   -0.01142   -0.01336   -0.00678   -0.00858   -0.00268   -0.00428    0.00098   -0.00046    0.00462    0.00312    0.00892    0.00704    0.01538    0.01234    0.02834    0.02186    0.14406 
  6   -0.48772    0.87471     -0.19236   -0.01310   -0.01818   -0.00750   -0.00924   -0.00424   -0.00544   -0.00152   -0.00258    0.00110    0.00002    0.00394    0.00274    0.00750    0.00596    0.01268    0.01026    0.02640    0.01844    0.46860 
  7   -0.47112    0.42215     -0.06606   -0.00838   -0.01008   -0.00562   -0.00654   -0.00378   -0.00446   -0.00216   -0.00282   -0.00056   -0.00122    0.00138    0.00056    0.00394    0.00282    0.00790    0.00606    0.01530    0.01162    0.09990 
  8   -0.35452    0.40279     -0.09296   -0.00572   -0.00786   -0.00344   -0.00412   -0.00214   -0.00258   -0.00110   -0.00148   -0.00008   -0.00050    0.00090    0.00050    0.00210    0.00162    0.00366    0.00296    0.00634    0.00500    0.07870 
  9   -0.99769    0.31942     -0.09440   -0.00448   -0.00602   -0.00262   -0.00320   -0.00156   -0.00196   -0.00076   -0.00108   -0.00006   -0.00032    0.00070    0.00040    0.00156    0.00118    0.00278    0.00220    0.00568    0.00408    0.06016 
 10   -0.18611    0.44873     -0.03368   -0.00326   -0.00412   -0.00204   -0.00244   -0.00118   -0.00148   -0.00050   -0.00076    0.00016   -0.00008    0.00080    0.00056    0.00152    0.00122    0.00238    0.00204    0.00378    0.00312    0.04300 
